110000010110000111001000100001011
111000001011000011100100010000101
111111111111111111111111111111111
001111101001111000110111011110100
111000001011000011100100010000101
001111101001111000110111011110100
111000001011000011100100010000101
000111110100111100011011101111010
110000010110000111001000100001011
111111111111111111111111111111111
001111101001111000110111011110100
110000010110000111001000100001011
111000001011000011100100010000101
111111111111111111111111111111111
111111111111111111111111111111111
000111110100111100011011101111010
000000000000000000000000000000000
